P2
16 16
255
 127  127  127  127  127  127  127  127  127  127  127  127  127  127  127  127 
 127  146  162  172  176  172  162  146  127  108   92   82   78   82   92  108 
 127  162  191  210  217  210  191  162  127   92   63   44   37   44   63   92 
 127  172  210  236  245  236  210  172  127   82   44   18    9   18   44   82 
 127  176  217  245  255  245  217  176  127   78   37    9    0    9   37   78 
 127  172  210  236  245  236  210  172  127   82   44   18    9   18   44   82 
 127  162  191  210  217  210  191  162  127   92   63   44   37   44   63   92 
 127  146  162  172  176  172  162  146  127  108   92   82   78   82   92  108 
 127  127  127  127  127  127  127  127  127  127  127  127  127  127  127  127 
 127  108   92   82   78   82   92  108  127  146  162  172  176  172  162  146 
 127   92   63   44   37   44   63   92  127  162  191  210  217  210  191  162 
 127   82   44   18    9   18   44   82  127  172  210  236  245  236  210  172 
 127   78   37    9    0    9   37   78  127  176  217  245  255  245  217  176 
 127   82   44   18    9   18   44   82  127  172  210  236  245  236  210  172 
 127   92   63   44   37   44   63   92  127  162  191  210  217  210  191  162 
 127  108   92   82   78   82   92  108  127  146  162  172  176  172  162  146 
